Time: 2023-04-13T23:40:53.738326300, Event: TOGGLE_RUNNING, Details: true
Time: 2023-04-13T23:40:53.790219700, Event: START_THREADS, Details: 
Time: 2023-04-13T23:41:17.383599100, Event: CLOSED_GAME, Details: 
